=== Run information ===

Scheme:       weka.classifiers.bayes.NaiveBayesMultinomial 
Relation:     tweet_emotions-weka.filters.unsupervised.attribute.StringToWordVector-R1-W1000-prune-rate-1.0-T-N0-L-stemmerweka.core.stemmers.LovinsStemmer-stopwords-handlerweka.core.stopwords.Rainbow-M6-tokenizerweka.core.tokenizers.WordTokenizer -delimiters " \r\n\t.,;:\'\"()?!"
Instances:    1000
Attributes:   77
              sentiment
              im
              -
              2
              al
              ar
              asleep
              back
              bad
              becaus
              bed
              caus
              day
              didnt
              dont
              feel
              friens
              ges
              gon
              good
              hat
              hav
              hes
              hom
              http
              hurt
              lik
              lol
              lov
              mis
              night
              real
              sad
              sh
              sick
              sleep
              sor
              stil
              suck
              tak
              ther
              thing
              tim
              toda
              tomorrow
              wa
              whol
              wil
              work
              &amp
              ag
              di
              ha
              head
              hop
              hot
              il
              les
              mak
              mor
              onl
              person
              phon
              pleas
              poor
              se
              som
              someth
              thought
              wan
              week
              wel
              //plurk
              6
              @
              liv
              pla
Test mode:    split 66.0% train, remainder test

=== Classifier model (full training set) ===

The independent probability of a class
--------------------------------------
empty	0.02
sadness	0.24
worry	0.29
fun	0.02
neutral	0.23
hate	0.05
enthusiasm	0.01
love	0.03
surprise	0.05
happiness	0.03
boredom	0.01
relief	0.01
anger	0

The probability of a word given the class
-----------------------------------------
	empty	sadness	worry	fun	neutral	hate	enthusiasm	love	surprise	happiness	boredom	relief	anger	
im	0.06	0.05	0.06	0.04	0.04	0.03	0.01	0.02	0.03	0.01	0.02	0.03	0.01	
-	0.01	0.01	0.01	0.01	0.01	0.02	0.01	0.01	0.01	0.02	0.01	0.02	0.01	
2	0.02	0.01	0	0.01	0.01	0.01	0.01	0.02	0.01	0.01	0.01	0.01	0.01	
al	0.01	0.02	0.02	0.02	0.01	0.03	0.01	0.02	0.02	0.01	0.01	0.02	0.01	
ar	0.01	0.02	0.01	0.01	0.02	0.02	0.01	0.02	0.02	0.02	0.01	0.02	0.01	
asleep	0.01	0.01	0.01	0.01	0	0.01	0.01	0.01	0.01	0.01	0.01	0.01	0.01	
back	0.01	0.01	0.02	0.01	0.02	0.01	0.01	0.01	0.01	0.01	0.01	0.01	0.01	
bad	0.02	0.02	0.01	0.01	0.01	0.02	0.01	0.01	0.02	0.01	0.01	0.01	0.01	
becaus	0.01	0.01	0.01	0.02	0.01	0.01	0.01	0.01	0.01	0.01	0.01	0.01	0.01	
bed	0.02	0.01	0.01	0.01	0.02	0.01	0.02	0.01	0.01	0.01	0.02	0.01	0.01	
caus	0.01	0.01	0.01	0.02	0.01	0.01	0.01	0.01	0.01	0.01	0.01	0.01	0.01	
day	0.01	0.03	0.01	0.01	0.02	0.01	0.02	0.01	0.01	0.03	0.01	0.01	0.01	
didnt	0.01	0.01	0.01	0.02	0.02	0.01	0.01	0.01	0.02	0.01	0.01	0.01	0.01	
dont	0.01	0.03	0.03	0.02	0.02	0.01	0.01	0.02	0.03	0.01	0.01	0.01	0.02	
feel	0.01	0.03	0.03	0.01	0.01	0.01	0.02	0.01	0.01	0.01	0.01	0.01	0.01	
friens	0.01	0.01	0.01	0.01	0.01	0.01	0.02	0.01	0.01	0.01	0.01	0.01	0.01	
ges	0.02	0.02	0.02	0.03	0.02	0.03	0.02	0.01	0.02	0.03	0.01	0.01	0.01	
gon	0.02	0.01	0.01	0.02	0.01	0.01	0.01	0.01	0.01	0.02	0.01	0.01	0.01	
good	0.01	0.02	0.01	0.02	0.02	0.01	0.02	0.02	0.01	0.02	0.01	0.02	0.01	
hat	0.01	0.02	0.01	0.01	0	0.05	0.01	0.01	0.01	0.01	0.01	0.01	0.01	
hav	0.02	0.04	0.05	0.02	0.03	0.04	0.02	0.01	0.02	0.02	0.01	0.02	0.01	
hes	0.01	0.01	0.02	0.02	0.02	0.02	0.03	0.01	0.02	0.01	0.02	0.02	0.01	
hom	0.01	0.01	0.01	0.01	0.02	0.01	0.01	0.01	0.02	0.02	0.01	0.03	0.01	
http	0.02	0.01	0.01	0.01	0.02	0.01	0.01	0.02	0.01	0.01	0.01	0.01	0.01	
hurt	0.01	0.01	0.01	0.01	0	0.01	0.01	0.01	0.01	0.01	0.01	0.01	0.01	
lik	0.01	0.02	0.04	0.01	0.02	0.03	0.02	0.01	0.03	0.01	0.01	0.01	0.02	
lol	0.02	0.01	0	0.02	0.01	0.01	0.01	0.02	0.02	0.02	0.01	0.02	0.01	
lov	0.01	0.02	0	0.01	0.01	0.01	0.02	0.07	0.01	0.02	0.01	0.01	0.01	
mis	0.01	0.04	0.02	0.02	0.02	0.01	0.02	0.03	0.01	0.03	0.01	0.01	0.01	
night	0.01	0.01	0.01	0.01	0.02	0.02	0.02	0.01	0.01	0.01	0.01	0.01	0.01	
real	0.01	0.02	0.02	0.02	0.01	0.03	0.01	0.01	0.01	0.01	0.02	0.01	0.01	
sad	0.01	0.04	0.02	0.02	0	0.01	0.01	0.01	0.01	0.01	0.01	0.01	0.01	
sh	0.01	0.01	0.01	0.01	0	0.01	0.01	0.01	0.01	0.01	0.01	0.01	0.01	
sick	0.01	0.01	0.01	0.01	0	0.01	0.01	0.01	0.01	0.01	0.01	0.01	0.01	
sleep	0.03	0.02	0.03	0.01	0.02	0.01	0.01	0.01	0.02	0.02	0.01	0.02	0.01	
sor	0.01	0.02	0.01	0.01	0.01	0.01	0.01	0.01	0.01	0.01	0.01	0.02	0.01	
stil	0.01	0.02	0.01	0.01	0.02	0.01	0.01	0.03	0.01	0.02	0.01	0.02	0.01	
suck	0.01	0.01	0.01	0.01	0.01	0.03	0.01	0.01	0.02	0.01	0.01	0.01	0.01	
tak	0.01	0.01	0.02	0.01	0.01	0.01	0.01	0.01	0.01	0.02	0.01	0.01	0.01	
ther	0.02	0.02	0.01	0.01	0.01	0.01	0.02	0.02	0.02	0.01	0.01	0.01	0.01	
thing	0.01	0.01	0.01	0.01	0.01	0.01	0.01	0.01	0.01	0.01	0.01	0.01	0.01	
tim	0.01	0.01	0.02	0.02	0.03	0.03	0.02	0.02	0.01	0.01	0.01	0.01	0.01	
toda	0.01	0.01	0.02	0.01	0.02	0.01	0.02	0.01	0.03	0.02	0.01	0.01	0.01	
tomorrow	0.01	0.01	0.01	0.01	0.02	0.01	0.02	0.01	0.01	0.01	0.01	0.01	0.01	
wa	0.02	0.02	0.02	0.02	0.03	0.01	0.02	0.03	0.05	0.03	0.01	0.02	0.01	
whol	0.01	0.01	0	0.01	0.01	0.01	0.01	0.01	0.01	0.01	0.01	0.01	0.01	
wil	0.02	0.01	0.01	0.01	0.02	0.01	0.02	0.01	0.02	0.02	0.02	0.02	0.01	
work	0.02	0.02	0.03	0.01	0.03	0.03	0.01	0.01	0.02	0.03	0.02	0.02	0.02	
&amp	0.01	0.01	0.01	0.02	0.01	0.01	0.01	0.01	0.01	0.01	0.01	0.01	0.01	
ag	0.02	0	0.01	0.01	0	0.01	0.01	0.01	0.01	0.01	0.01	0.01	0.01	
di	0.01	0.01	0.01	0.01	0	0.01	0.02	0.01	0.01	0.01	0.01	0.01	0.01	
ha	0.01	0	0.01	0.02	0.01	0.02	0.02	0.01	0.02	0.01	0.01	0.01	0.01	
head	0.01	0.01	0.01	0.01	0	0.01	0.01	0.01	0.01	0.01	0.01	0.01	0.01	
hop	0.01	0	0.02	0.01	0.01	0.01	0.01	0.01	0.01	0.01	0.01	0.03	0.01	
hot	0.01	0	0.01	0.01	0	0.01	0.01	0.01	0.01	0.01	0.01	0.01	0.01	
il	0.01	0.01	0.01	0.01	0.01	0.01	0.01	0.01	0.01	0.01	0.01	0.01	0.01	
les	0.01	0.01	0.01	0.01	0.01	0.01	0.01	0.01	0.02	0.01	0.01	0.01	0.01	
mak	0.01	0.01	0.02	0.01	0.01	0.01	0.02	0.01	0.01	0.01	0.01	0.01	0.01	
mor	0.01	0.01	0.01	0.01	0.01	0.01	0.01	0.01	0.01	0.01	0.01	0.02	0.01	
onl	0.01	0.01	0.01	0.01	0.02	0.02	0.02	0.02	0.02	0.01	0.01	0.01	0.01	
person	0.01	0	0.01	0.01	0	0.01	0.01	0.01	0.01	0.01	0.01	0.01	0.01	
phon	0.02	0	0.01	0.01	0	0.01	0.01	0.01	0.01	0.01	0.01	0.01	0.01	
pleas	0.01	0	0.01	0.01	0.01	0.01	0.01	0.01	0.01	0.02	0.01	0.01	0.01	
poor	0.01	0	0.01	0.01	0	0.01	0.01	0.01	0.01	0.01	0.01	0.01	0.01	
se	0.02	0.01	0.01	0.02	0.01	0.01	0.02	0.02	0.01	0.03	0.01	0.02	0.01	
som	0.01	0	0.01	0.01	0.01	0.01	0.01	0.01	0.01	0.01	0.01	0.01	0.01	
someth	0.01	0.01	0.01	0.01	0.01	0.01	0.01	0.01	0.01	0.01	0.01	0.01	0.01	
thought	0.01	0	0.01	0.01	0	0.01	0.02	0.01	0.01	0.01	0.01	0.01	0.01	
wan	0.01	0.01	0.01	0.01	0	0.01	0.02	0.01	0.01	0.02	0.01	0.01	0.01	
week	0.01	0.01	0.01	0.01	0.01	0.01	0.02	0.02	0.01	0.02	0.01	0.02	0.01	
wel	0.01	0.01	0.01	0.01	0.02	0.01	0.01	0.01	0.02	0.01	0.01	0.02	0.01	
//plurk	0.02	0	0	0.01	0.02	0.01	0.01	0.01	0.01	0.01	0.01	0.01	0.01	
6	0.01	0	0	0.01	0.01	0.01	0.01	0.01	0.01	0.01	0.01	0.01	0.01	
@	0.01	0	0	0.01	0.02	0.01	0.01	0.01	0.02	0.01	0.02	0.01	0.01	
liv	0.01	0.01	0	0.02	0.01	0.01	0.01	0.01	0.02	0.01	0.01	0.01	0.01	
pla	0.01	0.01	0	0.02	0.01	0.01	0.01	0.01	0.01	0.01	0.01	0.01	0.01	


Time taken to build model: 0 seconds

=== Evaluation on test split ===

Time taken to test model on test split: 0 seconds

=== Summary ===

Correctly Classified Instances         113               33.2353 %
Incorrectly Classified Instances       227               66.7647 %
Kappa statistic                          0.0996
Mean absolute error                      0.1189
Root mean squared error                  0.2456
Relative absolute error                 96.8135 %
Root relative squared error             98.7695 %
Total Number of Instances              340     

=== Detailed Accuracy By Class ===

                 TP Rate  FP Rate  Precision  Recall   F-Measure  MCC      ROC Area  PRC Area  Class
                 0.000    0.000    ?          0.000    ?          ?        0.510     0.039     empty
                 0.422    0.195    0.412      0.422    0.417      0.225    0.623     0.399     sadness
                 0.638    0.520    0.319      0.638    0.426      0.106    0.615     0.395     worry
                 0.000    0.000    ?          0.000    ?          ?        0.649     0.019     fun
                 0.231    0.183    0.273      0.231    0.250      0.051    0.581     0.269     neutral
                 0.000    0.000    ?          0.000    ?          ?        0.616     0.109     hate
                 0.000    0.000    ?          0.000    ?          ?        0.709     0.027     enthusiasm
                 0.000    0.000    ?          0.000    ?          ?        0.849     0.313     love
                 0.000    0.003    0.000      0.000    0.000      -0.010   0.553     0.055     surprise
                 0.000    0.000    ?          0.000    ?          ?        0.740     0.080     happiness
                 0.000    0.000    ?          0.000    ?          ?        0.557     0.014     boredom
                 0.000    0.000    ?          0.000    ?          ?        0.289     0.012     relief
                 0.000    0.000    ?          0.000    ?          ?        0.168     0.005     anger
Weighted Avg.    0.332    0.233    ?          0.332    ?          ?        0.610     0.294     

=== Confusion Matrix ===

  a  b  c  d  e  f  g  h  i  j  k  l  m   <-- classified as
  0  0  8  0  3  0  0  0  0  0  0  0  0 |  a = empty
  0 35 37  0 10  0  0  0  1  0  0  0  0 |  b = sadness
  0 15 60  0 19  0  0  0  0  0  0  0  0 |  c = worry
  0  0  1  0  2  0  0  0  0  0  0  0  0 |  d = fun
  0 12 48  0 18  0  0  0  0  0  0  0  0 |  e = neutral
  0  8 11  0  2  0  0  0  0  0  0  0  0 |  f = hate
  0  1  3  0  0  0  0  0  0  0  0  0  0 |  g = enthusiasm
  0  5  4  0  5  0  0  0  0  0  0  0  0 |  h = love
  0  1  8  0  3  0  0  0  0  0  0  0  0 |  i = surprise
  0  4  3  0  3  0  0  0  0  0  0  0  0 |  j = happiness
  0  0  2  0  1  0  0  0  0  0  0  0  0 |  k = boredom
  0  4  1  0  0  0  0  0  0  0  0  0  0 |  l = relief
  0  0  2  0  0  0  0  0  0  0  0  0  0 |  m = anger

